population size = 25
stopCondition ? how long the app stop? 0 +- delta


cities = 5
after generating : 5 * 5 = 25 
population size = 25
order 
find the best

if the best meets the expected cost, stop
else
mating 2 parents (cylic crossover)
mutating
find the best


if the optical result is repeated many times,
increase the mutation range (5% to 25%)


choose parent randomly
store a list of parent is really crossed over
crossover parent that are very diferent geneticially


Best fit is 25 34 29 32 17 21 22 12 5 7 23 26 14 11 39 41 40 8 6 3 37 10 31 9 38 20 15 19 18 13 16 33 36 4 35 42 2 1 27 28 24 30  2149.0
Best fit is 1 2 3 4 5 6 7 8 9 10 11 12 17 16 15 14 13 18 19 20 21 22 23 24 25 26 27 28 29 30 31 32 33 34 35 36 37 38 39 40 41 42  741.0 699.0 100000
Best fit is 1 2 3 4 5 6 7 8 9 10 11 12 17 16 15 14 13 18 19 20 21 22 23 24 25 26 27 28 29 30 31 32 33 34 35 36 37 38 39 40 41 42  741.0 699.0 100000
Best fit is 1 2 3 4 5 6 7 8 9 10 11 12 17 16 15 14 13 18 19 20 21 22 23 24 25 26 27 28 29 30 31 32 33 34 35 36 37 38 39 40 41 42  741.0 699.0 100000
Best fit is 1 2 3 4 5 6 7 8 9 10 11 12 17 16 15 14 13 18 19 20 21 22 23 24 25 26 27 28 29 30 31 32 33 34 35 36 37 38 39 40 41 42  741.0 699.0 100000
Best fit is 1 2 3 4 5 6 7 8 9 10 11 12 17 16 15 14 13 18 19 20 21 22 23 24 25 26 27 28 29 30 31 32 33 34 35 36 37 38 39 40 41 42  741.0 699.0 100000
Best fit is 1 2 3 4 5 6 7 8 9 10 11 12 16 15 14 13 17 18 19 20 21 22 23 24 25 26 27 28 29 30 31 32 33 34 35 36 37 38 39 40 41 42  729.0 699.0 100000
Best fit is 1 2 3 4 5 6 7 8 9 10 11 12 16 15 14 13 17 18 19 20 21 22 23 24 25 26 27 28 29 30 31 32 33 34 35 36 37 38 39 40 41 42  729.0 699.0 100000
Best fit is 1 2 3 4 5 6 7 8 9 10 11 12 16 15 14 13 17 18 19 20 21 22 23 24 25 26 27 28 29 30 31 32 33 34 35 36 37 38 39 40 41 42  729.0 699.0 100000
Best fit is 1 2 3 4 5 6 7 8 9 10 11 12 16 15 14 13 17 18 19 20 21 22 23 24 25 26 27 28 29 30 31 32 33 34 35 36 37 38 39 40 41 42  729.0 699.0 100000
Best fit is 1 2 3 4 5 6 7 8 9 10 11 12 16 15 14 13 17 18 19 20 21 22 23 24 25 26 27 28 29 30 31 32 33 34 35 36 37 38 39 40 41 42  729.0 699.0 100000
Best fit is 1 2 3 4 5 6 7 8 9 10 11 12 16 15 14 13 17 18 19 20 21 22 23 24 25 26 27 28 29 30 31 32 33 34 35 36 37 38 39 40 41 42  729.0 699.0 100000
Best fit is 1 2 3 4 5 6 7 8 9 10 11 12 16 15 14 13 17 18 19 20 21 22 23 24 25 26 27 28 29 30 31 32 33 34 35 36 37 38 39 40 41 42  729.0 699.0 100000
Best fit is 1 2 3 4 5 6 7 8 9 10 11 12 13 14 15 16 17 18 19 20 21 22 23 24 25 26 27 28 29 30 31 32 33 34 35 36 37 38 39 40 41 42  699.0 699.0 100000

